1661159577 2914
1661162166 3500
1661162173 11699
1661162515 11916
1661162536 12329
1661170335 12314
1661170400 12479
1661170519 12552
1661171886 12880
1661172513 12880
1661172820 12880
1661172841 12884
1661174378 12884
1661174397 12900
1661174463 12900
1661174692 12900
1661174703 12902
1661174968 12908
1661178425 12937
1661180084 12938
1661180284 12940
1661180816 13483
1661181010 13483
1661238523 13483
1661240739 13485
1661245574 13510
1661248301 13526
1661248321 13733
1661258554 13751
1661258680 13767
1661326450 14030
1661326575 14058
1661326986 14057
1661329907 14070
1661329920 14066
1661331674 14079
1661332275 14080
1661332463 14081
1661333439 14091
1661350085 14151
1661350101 14246
1661352708 14241
1661352903 14715
1661353196 14717
1661412699 14717
1661414968 14736
1661416210 14755
1661419618 14782
1661420296 14785
1661421764 14785
1661430925 14789
1661430933 14846
1661431162 14852
1661435577 14852
1661435820 14852
1661435847 14855
1661441800 14850
1661515729 14858
1661515735 14879
1661516611 14879
1661516624 14953
1661524529 14961
1661524544 14976
1661757312 15027
1661758406 15010
1661758854 15497
1661766247 15500
1661766320 15517
1661768708 15525
1661768832 15581
1661774897 15563
1661775521 15563
1661775859 15563
1661775889 15563
1661778865 15563
1661778877 15584
1661863323 15680
1661863375 16112
1661868304 16110
1661868315 16437
1661869802 16436
1661869812 16443
1661870055 16449
1661870064 16446
1661951318 16694
1661951621 16947
1661951698 16947
1661952293 16962
1661952434 16967
1661952757 16971
1661952765 16971
1661956215 16972
1661956784 16974
1661956792 16983
1661958517 17079
1661958579 17079
1661958754 17079
1662016198 17081
1662016209 17081
1662016533 17080
1662016706 17080
1662019259 17077
1662027809 17131
1662027818 17181
1662033224 17145
1662033418 17146
1662037338 17147
1662041128 17147
1662041407 17205
1662042326 17208
1662042621 17209
1662042661 17212
1662045200 17212
